86619.4 20505.7
83843.8 19574.2
81219.8 18692.2
78562.5 17783
75748.7 16841.4
72979.3 15922.5
70136   14988.5
67174.9 13932
57375.6 11225
47317.7 7587.94
37814.6 4158.84
28141.9 693.547
17909.9 231.195
7809.96 132.997
2999.87 57.3396
1199.56 26.6573
343.533 23.4476
268.668 7.81648
203.506 2.32736
132.874 13.771
80.2679 30.4637
45.566  31.6071
21.3929 23.9415
7.64482 10.7443
5.69835 5.02378
0.924372        8.40234
1.7467          7.33307
18.9616         8.0016
22.9777         2.94875
22.8187         1.8039
21.5341         6.16779

