5.938127293474294150e-06 8.254851760488935233e-06 2.040069299910691238e-05 8.126099888479259312e-05 1.959075569767957325e-04 2.448816186368222322e-04 2.156010597268182428e-04 1.805090883318166087e-04 1.810551566116490579e-04 2.428230785341933384e-04 3.220155331019019639e-04 3.424643502196430059e-04 3.107952159162979651e-04 2.722677479611432445e-04 2.612453383201874678e-04 2.412830478113595133e-04 2.230800623008259145e-04 2.235983877815926537e-04 2.089474461660659698e-04 1.990365913421391925e-04 1.970955264040343447e-04 1.853522192626194643e-04 1.851036347775503676e-04 1.843642211243238876e-04
7.153721219322288206e-06 9.845295406383534884e-06 2.264912932590290164e-05 8.806138566668623188e-05 2.250733545947069007e-04 3.164052551299311963e-04 3.067717798498018761e-04 2.582080794599859595e-04 2.372444791746342236e-04 2.831554536320193675e-04 3.747308196115942363e-04 4.520107143743318017e-04 4.441988726654255769e-04 3.774135913997122963e-04 3.247250698957736227e-04 2.754586987237807837e-04 2.445330658929175446e-04 2.455811031948937980e-04 2.365131371053571683e-04 2.210254894955028526e-04 2.090454419345746440e-04 2.044973485111313484e-04 1.982656026730629983e-04 1.805425649950454935e-04
8.969230878589861907e-06 1.264790175047322487e-05 3.175190437038453051e-05 1.277699008622372814e-04 3.093662938584958513e-04 3.914823541648653122e-04 3.582205772958192984e-04 3.047828047371895074e-04 2.798042946863832934e-04 3.692932856608772529e-04 5.025071334778720032e-04 5.314200962580152348e-04 5.025864345757769100e-04 4.463420302526446446e-04 3.758923689757832616e-04 3.389716483725276281e-04 3.173953648877232735e-04 2.981188349850829688e-04 3.005926242964639420e-04 2.947099003951357153e-04 2.690452092483193924e-04 2.580312925356492248e-04 2.411591124575689050e-04 2.235919757862638913e-04
1.029181497939276547e-05 1.458583052426002169e-05 3.677787482078660264e-05 1.489255156361097394e-04 3.678026925359348756e-04 4.798775886657845476e-04 4.405337406156592463e-04 3.666986743721693722e-04 3.396087292126462450e-04 4.315496934557650171e-04 5.742419328337077054e-04 6.294142005554606003e-04 5.973504015141144555e-04 5.242590063103079717e-04 4.552136032869876338e-04 3.825032946352955113e-04 3.346550943911674627e-04 3.321735839081633090e-04 3.228697759213198593e-04 3.140916358005495365e-04 2.983615149685871128e-04 2.598812943301566022e-04 2.493245770102755382e-04 2.533224769405285188e-04
1.226655136138801951e-05 1.760325613383834206e-05 4.579156555979170280e-05 1.880019089649372587e-04 4.610809986773051834e-04 5.911046874800019195e-04 5.362828020957373897e-04 4.464022598145317455e-04 4.124797030093641480e-04 5.272758395174095922e-04 6.968153497871913335e-04 7.390856996039684009e-04 6.975657736892086538e-04 6.236897828228705164e-04 5.418568460600216947e-04 4.573109707665526987e-04 3.894322727856499656e-04 3.601771273975505074e-04 3.587511304260951979e-04 3.604739597690907434e-04 3.433895089192356802e-04 3.158078848680932749e-04 2.897717639341113646e-04 2.723564903665511494e-04
1.482172541970346922e-05 2.128114648431799047e-05 5.541598367905063981e-05 2.267220222416133112e-04 5.486823335948761045e-04 6.936998211049587521e-04 6.518907442687180750e-04 5.828753874835953998e-04 5.378161220619322733e-04 6.541473930915279664e-04 8.408037744152746301e-04 8.829825045447736200e-04 8.624915271346345058e-04 7.967519243943764224e-04 6.635849439388002199e-04 5.397515749167652258e-04 4.667694957443997575e-04 4.503962913072592279e-04 4.416595727251481848e-04 4.193726179304949628e-04 3.805676689912119862e-04 3.492699177564088800e-04 3.355108038307070390e-04 3.290613031501953348e-04
1.748607734696386076e-05 2.569191907790353352e-05 7.061088445349720621e-05 2.961349158811969274e-04 7.163031821772467608e-04 8.908485504880808660e-04 8.036098161797091549e-04 6.770466234212431725e-04 6.043737285459366412e-04 7.947312443849160763e-04 1.079073270889816709e-03 1.102495181724933489e-03 1.017818435999881792e-03 8.917085980729786820e-04 7.118655309660343799e-04 5.792811886475121748e-04 5.087269601360225888e-04 4.822099858434040261e-04 4.666116364157886888e-04 4.437090817252855863e-04 4.043105340511497217e-04 3.694787782814465751e-04 3.593009178815789089e-04 3.588423253705500600e-04
2.205239693169750703e-05 3.321002481469260709e-05 9.686869129303759239e-05 4.157241285471317805e-04 9.966741184017236660e-04 1.201578243719470408e-03 1.036940736250663167e-03 8.481308804482916384e-04 7.641029197946447565e-04 1.029732291731369964e-03 1.400005831734042489e-03 1.397128929162768079e-03 1.243811301912660068e-03 1.073025321096891284e-03 8.758686490680041205e-04 6.917311649010956078e-04 5.712548327134767210e-04 5.335259316929722015e-04 5.137508662228734788e-04 5.125817793622709177e-04 4.998830136171193792e-04 4.418214940095135370e-04 4.132490456173718864e-04 4.074808963850018104e-04
3.087371605286804181e-05 4.834210836904890196e-05 1.532829939737544601e-04 6.769539639329269628e-04 1.598904040109654263e-03 1.840432756978298973e-03 1.500066206934820394e-03 1.194348884638818603e-03 1.102172124000620540e-03 1.576856755727493566e-03 2.154289150222825269e-03 2.017474680602368738e-03 1.708522377244505678e-03 1.454993620073900991e-03 1.144521945202100523e-03 8.745079229030620861e-04 6.959075532412227483e-04 6.154870176085398001e-04 6.000146014278906221e-04 5.870165257902239600e-04 5.398682902637445607e-04 4.930401747018781089e-04 4.588554750293422882e-04 4.334317126719436667e-04
1.074406068803313496e-04 2.039655186697446755e-04 9.062010880498466356e-04 4.352976393385955475e-03 9.625555890122752464e-03 8.812660268124919774e-03 4.577607783604844237e-03 2.302861880762352171e-03 2.712988259361842278e-03 7.231210311447364494e-03 1.105604046073467399e-02 7.430845201198524146e-03 3.388997955808028574e-03 1.979131236747918004e-03 1.451822452573049314e-03 1.094328518867624311e-03 8.553617839751146562e-04 7.622204732048638333e-04 6.986466431012717040e-04 6.505869290190794199e-04 5.982917879875941560e-04 5.322627787288762308e-04 5.192965417893120189e-04 5.341383332173344498e-04
1.142872638673872758e-03 2.348983474111747925e-03 1.150818118580999166e-02 5.631156360431339297e-02 1.226747853769335761e-01 1.055872083357917851e-01 4.525542776566893882e-02 1.500930540662477781e-02 2.275126876207151858e-02 8.503108286271056360e-02 1.348788572674368413e-01 8.067794889951986070e-02 2.343743466151340660e-02 6.079313919048757488e-03 2.496750460768218556e-03 1.559540804012808906e-03 1.134251397888488833e-03 9.685463000400629241e-04 8.675736359182569185e-04 7.793353129733286005e-04 6.731830003499999181e-04 5.868948492485062847e-04 5.696978561649842631e-04 5.912273401373360987e-04
2.219258389276244480e-03 4.326778258318580810e-03 1.929493362948424967e-02 9.379791646199363286e-02 2.174726892575603587e-01 2.225646721513908910e-01 1.263884427184844839e-01 4.763660483219228636e-02 4.207614138140673699e-02 1.382664004065630170e-01 2.345839564619671691e-01 1.899221474932680787e-01 9.451321016764899219e-02 2.784219047704646066e-02 6.591599325906992435e-03 2.639229746691067798e-03 1.729428914712034067e-03 1.384161696973448428e-03 1.163050938193781018e-03 9.899076983059986855e-04 8.424399749014034773e-04 7.439721046335718516e-04 7.096525145142172164e-04 6.989401906110554764e-04
1.623517961202257213e-03 2.556049459687820703e-03 6.417506670351361131e-03 2.884444064425307000e-02 9.958122519991433053e-02 1.876817057461810656e-01 1.791850319564360361e-01 9.249000301349294406e-02 3.795694653931173251e-02 3.971680463079116374e-02 9.902891331427179922e-02 2.012109347953031646e-01 1.836816322902976584e-01 7.676635549200759578e-02 2.183455062368325206e-02 6.119488054083535578e-03 2.801004459526492112e-03 1.956579102293813134e-03 1.600736168070760607e-03 1.321344398819744061e-03 1.088279380763177654e-03 9.381387184089029323e-04 8.732889807013462539e-04 8.615450413210718004e-04
1.699724196972114514e-03 2.350427623776000022e-03 3.422685672089539367e-03 1.033430256754635720e-02 4.366308628527714591e-02 1.156421977086203312e-01 1.863679973894958042e-01 1.948890581433052049e-01 1.164855169582114380e-01 4.807711453355976300e-02 5.099331132567331420e-02 1.295404820898751752e-01 2.061193733365028480e-01 1.986311491687095809e-01 9.833973197558375234e-02 3.017978977336404495e-02 9.257345028840350404e-03 4.189059378311897619e-03 2.820687898614529683e-03 2.212787203223571132e-03 1.780821874690169610e-03 1.480624754077619837e-03 1.284454010415045323e-03 1.191712430099402861e-03
2.124105298397211284e-03 2.602499938002026617e-03 3.027678775085777471e-03 4.622234493686291738e-03 1.081873105364978757e-02 3.953641098528973968e-02 1.269201245272999490e-01 2.254019372943614485e-01 2.389739911400173833e-01 1.676935460083081586e-01 8.466349941580318672e-02 6.829052063194379629e-02 1.540677534961979456e-01 2.513181339218540922e-01 2.400538171461778780e-01 1.485523961454953967e-01 6.221379807191789596e-02 2.478074769457059082e-02 1.110996981024093416e-02 6.317672254462450981e-03 4.296268389619133619e-03 3.378319396930211209e-03 2.921826107543166410e-03 2.625330068908451799e-03
2.928400523502803013e-03 3.299079821586601603e-03 3.562811506288104252e-03 4.277723101016905546e-03 5.487749808142442821e-03 1.114436999638566267e-02 3.441735634652308418e-02 1.027219215498180044e-01 2.173374816410481303e-01 2.779433460528650257e-01 2.591195166849565856e-01 1.920453402568350065e-01 1.463386020659302733e-01 1.777897068627073696e-01 2.740918423459840492e-01 3.053732122422364026e-01 2.577777193813620138e-01 1.746625874556714253e-01 1.036492072779614942e-01 5.935257989790958949e-02 3.540301377416497919e-02 2.324680509050099098e-02 1.720089067146610140e-02 1.401440846712542244e-02
5.628772435254355763e-03 6.299979330950710235e-03 6.550530665005602389e-03 7.076091502027481717e-03 7.289456630275220617e-03 7.934074003946984394e-03 1.061118137616852072e-02 2.355323417745908837e-02 6.297745011015060124e-02 1.456018916187126755e-01 2.482522383372760544e-01 3.289119882744764856e-01 3.510591336299258014e-01 3.274835494176775441e-01 3.139881458337100972e-01 3.532310093348422497e-01 4.143438529385853331e-01 4.627813576944823648e-01 4.465230520002039238e-01 3.846332197300960098e-01 3.086290765738001207e-01 2.459208201489133383e-01 2.069176762035112582e-01 1.838393692980897498e-01
1.128636761764803542e-02 1.232349154348774331e-02 1.263415173597612871e-02 1.293885245232594475e-02 1.254198012077009650e-02 1.214063228137789510e-02 1.151580887819747025e-02 1.171980642732390818e-02 1.527031776534013355e-02 2.870416614964400870e-02 6.149317330794951131e-02 1.260207029149440772e-01 2.077511620912303181e-01 2.833626784702163448e-01 3.368824355717542351e-01 3.733303427523111950e-01 4.200221614171426587e-01 5.079086104530216028e-01 5.959923424043930273e-01 6.592573377615175145e-01 6.794012145347263498e-01 6.766777774646228760e-01 6.862417038162142990e-01 7.069707610102791140e-01
6.825600578125637016e-03 7.361045998148986295e-03 7.475905605481846655e-03 7.493046409011147602e-03 7.076966340246429628e-03 6.726088876427295180e-03 5.950783973517174280e-03 5.388152350918955572e-03 5.206145671621018912e-03 5.560094811165548594e-03 7.671586984784048782e-03 1.397975085986493358e-02 2.687983611779530199e-02 4.736477974464974733e-02 7.353882464360397830e-02 1.022957907308361392e-01 1.334630718724031662e-01 1.745262841416347910e-01 2.171763822560231205e-01 2.596261369759055304e-01 2.960403346381977885e-01 3.310249811605422421e-01 3.749488291299089560e-01 4.251482244613667416e-01
8.113530860133923812e-04 8.726595266959462100e-04 8.813885969451002150e-04 8.770794148948513405e-04 8.206635751442939658e-04 7.794621842046375176e-04 6.795803510640139548e-04 6.069714821573078808e-04 5.688839710270793357e-04 5.504124093460057831e-04 6.131608096172310764e-04 8.774225129025065885e-04 1.495415473507927251e-03 2.641719441067561652e-03 4.381247906312570571e-03 6.849370879470256628e-03 9.937608476165869439e-03 1.419570468521288119e-02 1.900021918655703246e-02 2.401111144769585773e-02 2.852562126724065075e-02 3.310106336300916441e-02 3.895509911774183015e-02 4.609061506043138357e-02
4.387452599491967859e-05 4.718682561774749335e-05 4.768885487936315562e-05 4.753861465721705571e-05 4.459104119825320377e-05 4.261805400529224689e-05 3.849855528235686890e-05 3.737484275249086500e-05 3.917556896176206639e-05 4.110281676850703603e-05 4.592562029979482395e-05 6.169907942763510299e-05 1.041837223605968912e-04 1.768996063565367327e-04 2.730993836468513839e-04 4.019485248219054519e-04 5.461048147289573147e-04 7.432183686329752988e-04 1.022665991795790969e-03 1.345425733663494459e-03 1.624007248903609106e-03 1.866164769877725824e-03 2.171819558944796877e-03 2.547705402388046429e-03
5.213214146147305572e-06 5.622527146303311446e-06 5.724302463755727580e-06 5.777174154250127542e-06 5.551053367267210967e-06 5.944391223697885086e-06 7.728661008108954079e-06 9.421471421227689137e-06 8.616507146195271467e-06 9.182908709045920124e-06 1.223108126181985101e-05 1.675114947316038041e-05 2.599998088691771319e-05 4.078283885629150783e-05 5.797103957252272631e-05 7.438771963383474558e-05 9.445322872281511372e-05 1.271165343457007779e-04 1.630509420015793397e-04 1.930395987589130218e-04 2.192041738064930394e-04 2.593960559029763750e-04 3.001659796029356310e-04 3.336112968415469362e-04
1.660964283083872769e-06 1.792639667797748970e-06 1.842954101279325442e-06 1.927638965427554040e-06 2.194965189722828680e-06 2.724326488637943985e-06 2.646395134611338946e-06 2.658147321979197654e-06 3.757899173929168797e-06 4.171864061448803580e-06 4.772342911433429666e-06 8.201277606717271754e-06 1.357152266646909643e-05 1.937084256571996215e-05 2.435002167925510365e-05 2.854368468857237354e-05 3.657337761405200343e-05 5.036776603194989587e-05 5.682518488522382875e-05 6.159751101393570228e-05 7.075888088559588712e-05 8.523392541781753327e-05 1.019782838970337215e-04 1.118469194065169154e-04
5.468606788858798757e-07 5.936514204081889771e-07 6.046000164089504245e-07 6.149144061323654020e-07 5.914798144260006228e-07 5.651240390402523368e-07 5.208136086110072975e-07 4.991641605828060290e-07 6.322835905161943130e-07 1.270714488668394972e-06 2.461859333039897646e-06 4.371220339210469848e-06 7.443676396630957294e-06 9.808934956542070989e-06 1.015701459931007211e-05 1.222871858730681915e-05 1.635113110075426567e-05 2.167984684534896565e-05 2.532902495309878889e-05 2.802549276116585912e-05 2.959959931853094203e-05 2.990888956143436335e-05 3.247299646339139802e-05 3.598333437661986215e-05
1.163669865788578671e-08 1.237638735463323515e-08 1.232017263586636366e-08 1.296610895922428401e-08 1.257978965186442947e-08 1.213739008025533612e-08 1.062529027992649614e-08 9.673589887935872954e-09 8.912091696019021359e-09 8.568117677336108663e-09 8.609951348496002887e-09 8.955704322303250307e-09 9.247315963909699426e-09 1.044529868274820648e-08 1.273813378395248861e-08 1.671873952938845036e-08 4.105443102227066667e-08 2.870202183513617423e-07 1.057084532224873075e-06 1.164243755018319646e-06 4.358013415878440603e-07 2.294850723955110660e-07 8.444977313442776528e-07 1.701851545292122025e-06
3.639035527740082948e-08 3.950384382999997543e-08 4.036503184535004938e-08 4.031992515622086625e-08 3.913474685638351383e-08 3.598127613294590240e-08 3.178461043612034819e-08 2.837490623446700231e-08 2.678696255983623699e-08 2.361799103816639858e-08 2.339047871192920678e-08 2.398339254070300838e-08 2.397644032561636958e-08 2.475680078927793994e-08 2.818300443699365746e-08 3.319075102916324437e-08 3.767663008727580161e-08 6.353139079693675870e-08 2.866349015639655050e-07 1.509667009472485137e-06 3.141621772335679064e-06 3.505586982652210231e-06 3.088373624336670163e-06 2.973541251376340783e-06
3.754199915996664146e-08 4.072808639427583759e-08 4.240190658806039376e-08 4.407179854409151537e-08 4.306263110991968861e-08 4.079415715530531891e-08 3.861994565696584455e-08 3.696829678162858251e-08 3.651823893313883550e-08 4.052346141467813779e-08 5.820505245598674127e-08 2.248326468049102886e-07 9.231780451857712537e-07 1.349734429115642049e-06 8.495590583807738307e-07 1.063840604404115392e-06 1.692292724917931884e-06 2.053414496420715937e-06 2.200190253731226842e-06 2.228563533527565892e-06 2.391174419767757578e-06 3.044920744539874372e-06 3.645393627257341032e-06 3.627500761911954745e-06
