3.718998296051676265e-06 5.753774760906684184e-06 1.780343366021429108e-05 7.845011579947596119e-05 1.929755447297211977e-04 2.417139002440373105e-04 2.118857041948527746e-04 1.745924075915213233e-04 1.570953706821312567e-04 1.457351643441314837e-04 1.399764780655618989e-04 1.415426636716837793e-04 1.316085389814226621e-04 1.200511460900195097e-04 1.248665481883767521e-04 1.231728139759487154e-04 1.172049114047932678e-04 1.169920887305461114e-04 1.117601362447082650e-04 1.053096371613963615e-04 9.758081681450025795e-05 8.760258918644437634e-05 8.976576054809865305e-05 9.013856608653643486e-05
4.460994921867066800e-06 6.786980921573582888e-06 1.948896353585216306e-05 8.463190770902607693e-05 2.215118819550344767e-04 3.125694802086402763e-04 3.022980233874734881e-04 2.513982803880058440e-04 2.119663617224195782e-04 1.821171717872938133e-04 1.693273198973710035e-04 1.804136645835258069e-04 1.772151962785219897e-04 1.572705956195866010e-04 1.426317499042960193e-04 1.280174506795984219e-04 1.150014889330746968e-04 1.096312325294582208e-04 1.071092641347234188e-04 1.039604266442579686e-04 1.015283897823493627e-04 1.069880561200716698e-04 1.090832351096978768e-04 9.585086771181257077e-05
5.624611940874553909e-06 8.854823024741290195e-06 2.783605670615912916e-05 1.234909920376474487e-04 3.048943113614495338e-04 3.866334284656615470e-04 3.524816761561196761e-04 2.955410008485228799e-04 2.421262300775337993e-04 2.163791503688724605e-04 2.149810859832987082e-04 2.093242187789090959e-04 2.008847342774557022e-04 1.879706527102100225e-04 1.706863853843472358e-04 1.639752130579644066e-04 1.558072958145286825e-04 1.442363399659512841e-04 1.518803255233530268e-04 1.537147094203093344e-04 1.378439560495694962e-04 1.288179326297261699e-04 1.195177453150686150e-04 1.075784442167566327e-04
6.464267277199111058e-06 1.022665835655513098e-05 3.227690606997883209e-05 1.440108202294612812e-04 3.626488323380255168e-04 4.742653955939480346e-04 4.338580200538216325e-04 3.559524977897033206e-04 2.960911861280419153e-04 2.547436840716817705e-04 2.337513809062422357e-04 2.285524017864118700e-04 2.233025687611505197e-04 2.140133940024632091e-04 2.027995809476396388e-04 1.800274365341569425e-04 1.642309653101172318e-04 1.681567676330975297e-04 1.603811880825358144e-04 1.526264779158333171e-04 1.445084489490518773e-04 1.225246017287734109e-04 1.168233380570423232e-04 1.189206020112509285e-04
7.727349285605645987e-06 1.242119021213026884e-05 4.044309911445450337e-05 1.821453016194863434e-04 4.549179206454838885e-04 5.843649400369907172e-04 5.281919473455440371e-04 4.331151508987167290e-04 3.573233853535266974e-04 3.021604149120823328e-04 2.684020085812077890e-04 2.486774087485624403e-04 2.448768759134744471e-04 2.463697858156530256e-04 2.383816554299197769e-04 2.202693344794324202e-04 2.003209008267388120e-04 1.888056247191341225e-04 1.820410550344981997e-04 1.748536719700986115e-04 1.612897874846702531e-04 1.448898137513759770e-04 1.300167405308573075e-04 1.208694411813871156e-04
9.318350159636025763e-06 1.500676209380826475e-05 4.894785566260416372e-05 2.196136425273507553e-04 5.412048276536391908e-04 6.855342449317904660e-04 6.420837030707831228e-04 5.667412077624340476e-04 4.707302618040356862e-04 3.809555369894829777e-04 3.295219477720689885e-04 3.134839898946430690e-04 3.097417891485223411e-04 2.949961171939855875e-04 2.641579878924003692e-04 2.432575738096182344e-04 2.324665148681722055e-04 2.275565778562086989e-04 2.197569591057599422e-04 2.076500265627953990e-04 1.865943793907805606e-04 1.609438752045184030e-04 1.493065338287008178e-04 1.474843990483818486e-04
1.105151055438311633e-05 1.833449781691893766e-05 6.303020309751804933e-05 2.877702286930574021e-04 7.074559692159178726e-04 8.810657160073431457e-04 7.916775769228239293e-04 6.567821011843618479e-04 5.167476787944943724e-04 4.347564754895166935e-04 4.091120396028486653e-04 3.735419619709749576e-04 3.441796689661866574e-04 3.187872269372430409e-04 2.796838720145954321e-04 2.390950021713067952e-04 2.187282795233170467e-04 2.272020416438361363e-04 2.281906532574974622e-04 2.180917275471965704e-04 2.033890861771019945e-04 1.943395407935443017e-04 1.880913155939306668e-04 1.774208413103495847e-04
1.402664511340635998e-05 2.402126381717342853e-05 8.738553191029967810e-05 4.052362112332970291e-04 9.854988097705637707e-04 1.189083804617420935e-03 1.021416828557519287e-03 8.207834733294417815e-04 6.405940758896323329e-04 5.182562551105602058e-04 4.626458954413647465e-04 4.246286640617482721e-04 3.894756845519214083e-04 3.625495012926483298e-04 3.432777827754760164e-04 3.026675064146184722e-04 2.641933656833192067e-04 2.555925435577657617e-04 2.536882591070304424e-04 2.564912368953995315e-04 2.481332535418700525e-04 2.169483225541956847e-04 2.074290811692964588e-04 2.044986920168238962e-04
1.979581804238198165e-05 3.562707012451664970e-05 1.401390866413465032e-04 6.623018495785348153e-04 1.583131239442820597e-03 1.822462692890138881e-03 1.477136235945232306e-03 1.151865465250931277e-03 8.995091264470853835e-04 7.301305104478712045e-04 6.386099732026790862e-04 5.555582848228867885e-04 5.050500524293203772e-04 4.659775873701653241e-04 3.996629811499598987e-04 3.417596172505126028e-04 2.989298439390055632e-04 2.724459910612557511e-04 2.688916977309801408e-04 2.732170152173366917e-04 2.644625132648850512e-04 2.458459420422417553e-04 2.341675821709135236e-04 2.234480910345403449e-04
7.278679228218566254e-05 1.643689143864488780e-04 8.641478662763758334e-04 4.304808645992465495e-03 9.570384514074369367e-03 8.743364943149971313e-03 4.477731824501459713e-03 2.072701270331708118e-03 1.374457626867209336e-03 1.484181110254966397e-03 1.657717628821588074e-03 1.184596609720524069e-03 7.176492415684186969e-04 5.417532153504756942e-04 4.697315542202794032e-04 3.932078522313508834e-04 3.396915910507595886e-04 3.409539281157481687e-04 3.323542163317236764e-04 3.104898987496765707e-04 2.829869172761460350e-04 2.600476728413293769e-04 2.617279264551225894e-04 2.674185326307115698e-04
7.937408540525248005e-04 1.951064997280270918e-03 1.107948922928046233e-02 5.581339674485638613e-02 1.220866977003605414e-01 1.048169822285032748e-01 4.409332222705049376e-02 1.214945449293329711e-02 5.336693420669625862e-03 9.850770220043301301e-03 1.429085053003541390e-02 8.667818077295183152e-03 2.831817359777976436e-03 1.020202104817673639e-03 6.177986171525289743e-04 4.730265518874227863e-04 3.976623445059908617e-04 3.943598893170418250e-04 3.971635530660685477e-04 3.711508617546933160e-04 3.182688796718422279e-04 2.823567420990705538e-04 2.792496159067092828e-04 2.874716027834706795e-04
1.520697413252665052e-03 3.513904780390520420e-03 1.843065341698496562e-02 9.280642237173893083e-02 2.163250863064160590e-01 2.210921948523500435e-01 1.242306302181297589e-01 4.270238536266723200e-02 1.385339048076172745e-02 1.666276473265883296e-02 2.478391824601094279e-02 1.989765765303668291e-02 1.015399067454330999e-02 3.353567108030246213e-03 1.149217147515090541e-03 6.906946060816705800e-04 5.618084251225148942e-04 5.255387652598524301e-04 4.842373974743605460e-04 4.283664091785910864e-04 3.696931000405044576e-04 3.273050451619713419e-04 3.137730391406879163e-04 3.128191558295963931e-04
1.053078437675088706e-03 1.856072572012044345e-03 5.704702696615236712e-03 2.805148954270314868e-02 9.872168746024936881e-02 1.866738060972915336e-01 1.778784409710895409e-01 9.045043570198617322e-02 3.119581902012204255e-02 1.159624918392292321e-02 1.249379746047320737e-02 2.156566340963556039e-02 1.942200715160046637e-02 8.510175315777558647e-03 2.853796056215500594e-03 1.167902030374530324e-03 7.676610110851860404e-04 6.559954224804588575e-04 5.931643713649998153e-04 5.240215994502354924e-04 4.497636159773291988e-04 3.947064109537804302e-04 3.864625944318863236e-04 4.039623096834508726e-04
1.039009292183173949e-03 1.544995153406030029e-03 2.638162303015759939e-03 9.430845114620013334e-03 4.271068398958652312e-02 1.146562988986614962e-01 1.852035225995894707e-01 1.934310457827549123e-01 1.142792735073978050e-01 4.170155599921387263e-02 1.601169039856492962e-02 1.696585264151824132e-02 2.277299320033219707e-02 2.139885257886222844e-02 1.101088891160117121e-02 3.942661420028797416e-03 1.670512440958040129e-03 1.067765744986066360e-03 8.855364179211320814e-04 7.790176473221725479e-04 6.704166912871077025e-04 5.970369544195182517e-04 5.610889600189167443e-04 5.533607648471991665e-04
1.244696286492603943e-03 1.582930152718847955e-03 2.019577055428915194e-03 3.479651641379049969e-03 9.653382944127937570e-03 3.835713248642116241e-02 1.256614485712084228e-01 2.239663553505039373e-01 2.371716019702366229e-01 1.649253508613788000e-01 7.700457705221136484e-02 3.381132000906727358e-02 2.628566404682520716e-02 3.040141626569959482e-02 2.718926767006575596e-02 1.713572699483147110e-02 8.054845214242588661e-03 4.058458758448301590e-03 2.487510270549952301e-03 1.810204056448525261e-03 1.422691408243998519e-03 1.234738323007314236e-03 1.151460906687516933e-03 1.094267723958388576e-03
1.687066096127821935e-03 1.930786100714196622e-03 2.143474055962749873e-03 2.736524101942997174e-03 3.970650607658440107e-03 9.549750792042949535e-03 3.284785628529217349e-02 1.011359322494465168e-01 2.155358467556624247e-01 2.757267845245569005e-01 2.559417618449242871e-01 1.840740690838018889e-01 1.140773854975038193e-01 7.277150916070054820e-02 5.821725295633788100e-02 4.900927971550456119e-02 3.807535980426230565e-02 2.679540505052366642e-02 1.784797404180836142e-02 1.211672114477861315e-02 8.724895202944718195e-03 6.833911944335241753e-03 5.798528601797623729e-03 5.210757550526358764e-03
3.341199436061590908e-03 3.807243315951143806e-03 3.924261346774805988e-03 4.337198120683781119e-03 4.611956246440791773e-03 5.318510378934214987e-03 8.099991466035294518e-03 2.119057188289512686e-02 6.062392289967439424e-02 1.430280977090720995e-01 2.454015137370776090e-01 3.253377153539478983e-01 3.446523874102807028e-01 3.067610133125041050e-01 2.509048571311384701e-01 2.044095491684853882e-01 1.744254650846919219e-01 1.590395186833353236e-01 1.418564797416151657e-01 1.226094840169412309e-01 1.032984134314573060e-01 8.797711839715396942e-02 7.938640365795912590e-02 7.516554652342657961e-02
7.080792741207794609e-03 7.770301029406868724e-03 7.965146175177541948e-03 8.254087384513685011e-03 8.053231571697867103e-03 7.931436714431997978e-03 7.757726330973980372e-03 8.343532398638149258e-03 1.216736550361212886e-02 2.579924242531122375e-02 5.858779043904048522e-02 1.229129333310927663e-01 2.043428984409799698e-01 2.787498918739700904e-01 3.276322616909692065e-01 3.487729944625767575e-01 3.601458300763877296e-01 3.833779024473422670e-01 3.959886585878936716e-01 3.952120804066024951e-01 3.800876300612485159e-01 3.641897155593998847e-01 3.626242472720006549e-01 3.714231482558201236e-01
4.366439446525309520e-03 4.724270257021385977e-03 4.822727018411550673e-03 4.869540402864741893e-03 4.639270692601613240e-03 4.431231445605761377e-03 4.000545733756417054e-03 3.698711520952579178e-03 3.701039862900110458e-03 4.260304769583109392e-03 6.489465058254005603e-03 1.280258840705692826e-02 2.573606196459622339e-02 4.610664102109938295e-02 7.198329115567363157e-02 9.983264444950296079e-02 1.284199099117550313e-01 1.625224552855402960e-01 1.915617383856973444e-01 2.135799054696053412e-01 2.262152563855391596e-01 2.357025923580353677e-01 2.516169263882057083e-01 2.724997464890245302e-01
5.219865942031577059e-04 5.631274269065062029e-04 5.723789780071731996e-04 5.731434987767552742e-04 5.422816873183762933e-04 5.162118806763775622e-04 4.599030365793527241e-04 4.197117813938182687e-04 4.040204582099110380e-04 4.114596560218421878e-04 4.924997831033728129e-04 7.589540357672467470e-04 1.380601413025114507e-03 2.515390221073202006e-03 4.234910554500294355e-03 6.654492482154037748e-03 9.640860403603476389e-03 1.359476867001333661e-02 1.771981686997052899e-02 2.154855883265034341e-02 2.437586300866920186e-02 2.659823670059018735e-02 2.942535854401288203e-02 3.290336894654206923e-02
2.820518717590095033e-05 3.043575843207547998e-05 3.097373522140481079e-05 3.107620909565248678e-05 2.948601224448240410e-05 2.833725693935883059e-05 2.657288375194277665e-05 2.718712685566260744e-05 3.013848055759415722e-05 3.345663041651749753e-05 3.924644119443758162e-05 5.492688176939271359e-05 9.624701008806717012e-05 1.655188570165352089e-04 2.570327597109179556e-04 3.808126602270702388e-04 5.187441376326243922e-04 6.975571327608578792e-04 9.320088163629432947e-04 1.185825036527349882e-03 1.376616565448609154e-03 1.500961791580261284e-03 1.670165927827870888e-03 1.870729238417005334e-03
3.333425180987368940e-06 3.604519677919586486e-06 3.706772296588947629e-06 3.769572086700136306e-06 3.688288130223136689e-06 4.192907754353884523e-06 6.228649422921197339e-06 8.123514632188331795e-06 7.435471867851290047e-06 8.144109642461493743e-06 1.121836972115870410e-05 1.515436200546870340e-05 2.187105067889487901e-05 3.467592194797837176e-05 5.277684578987221870e-05 6.781242467961513061e-05 8.488536272228197697e-05 1.137046066395822714e-04 1.426953660900904272e-04 1.592158118171398920e-04 1.693632977966246108e-04 1.964360778860186534e-04 2.182801139267571923e-04 2.250988318659293767e-04
1.057721636431818008e-06 1.144641440103437963e-06 1.189707531923965053e-06 1.278383416365088664e-06 1.588068661715109067e-06 2.154219724600185134e-06 2.155114477949251845e-06 2.227100963136167776e-06 3.359365930896528733e-06 3.775964938814809283e-06 4.084222537128234559e-06 6.808430820099736750e-06 1.216038461878298664e-05 1.779084803719692041e-05 2.152425707576427713e-05 2.550644665720262766e-05 3.307141780224701159e-05 4.383455087658343172e-05 4.496170625208217191e-05 4.498238909811869206e-05 5.115116018682699738e-05 6.138216702735394611e-05 6.974914014635506430e-05 7.235067352062124328e-05
3.448631888754651991e-07 3.761868647528027440e-07 3.836114793375898485e-07 3.949861062696748306e-07 3.837225861153993003e-07 3.685975970347377444e-07 3.492179052770954171e-07 3.482545469557138238e-07 4.938339970504647564e-07 1.144398679084621532e-06 2.339597030421156255e-06 4.243854165761660286e-06 7.313116907468524355e-06 9.649212132011687621e-06 9.805521337786206001e-06 1.114142586292807597e-05 1.407376579529385050e-05 1.744384008214903300e-05 1.814342054379105369e-05 1.926152165231692111e-05 2.076959993043267768e-05 1.945948856178444748e-05 1.913450706194888995e-05 2.044207209949688649e-05
7.526427948051781829e-09 8.070664540670595202e-09 8.336611028405766594e-09 8.811163611358919766e-09 8.415260336758374324e-09 8.117272033907258117e-09 7.096324141414060700e-09 6.430973731124499975e-09 6.036201168408956495e-09 6.089869344759652809e-09 6.350756010712886490e-09 6.747906259577857477e-09 7.048357472127702869e-09 8.381350367463641324e-09 1.068225925444109306e-08 1.433470089261709830e-08 3.875353095684034626e-08 2.844828844614824456e-07 1.053998302708303532e-06 1.160116433623350094e-06 4.306053071301599916e-07 2.182598457877354170e-07 7.758030568280969103e-07 1.259479511673367131e-06
2.326980826214929979e-08 2.533504778969811752e-08 2.641461642325878897e-08 2.647179564767491337e-08 2.648304604464597614e-08 2.418601300323555319e-08 2.222195818933552628e-08 2.070873598795323164e-08 1.922030737266420343e-08 1.754700714637380532e-08 1.825029133862720695e-08 1.910945530572590348e-08 1.930692052187802217e-08 2.037445119303298450e-08 2.349230884312299860e-08 2.810397884209996071e-08 3.307285674079288181e-08 5.819419708479164235e-08 2.814933117146442466e-07 1.503533788254180870e-06 3.134862211145369993e-06 3.497233471036001151e-06 3.073407062060885231e-06 2.904477521296614401e-06
2.325842066294568906e-08 2.574267362889302123e-08 2.707781753941861618e-08 2.830446842178734536e-08 2.801811460697716916e-08 2.663697136870386939e-08 2.624636889359854424e-08 2.587608079739202080e-08 2.622166452594654029e-08 3.085328856808965605e-08 4.830915614562792891e-08 2.144510462339881405e-07 9.127663983304891182e-07 1.338078883769301686e-06 8.354820013619847381e-07 1.045385577502453872e-06 1.651066041176594417e-06 1.781484438936845009e-06 1.208346300441147639e-06 1.104885273761368318e-06 1.684476736473622097e-06 1.949409842111906863e-06 2.087091392567747130e-06 2.194228555771114682e-06
