5.336286454077805990e-05 5.346742604844479871e-04 2.673311634004442092e-03 2.503930638267708782e-03 1.919495761716316119e-03 1.867610926697036832e-03 1.652532556254504440e-03 1.442281698567710957e-03 1.241935348134674735e-03 1.199633413924375324e-03 1.092328403247201738e-03 8.610696165249397214e-04
7.410861284685060823e-05 7.867938442892082485e-04 3.971186150374899845e-03 3.699512532194296297e-03 2.609277050364279277e-03 2.347047725713860208e-03 2.189362411193988833e-03 1.870411368592462533e-03 1.631886320873310271e-03 1.444265994719629281e-03 1.283799733454685840e-03 9.178043589987086191e-04
1.183024802941769275e-04 1.564335978345408407e-03 7.496278577811792652e-03 5.603052093949570205e-03 3.587956675520484386e-03 3.346739784887698289e-03 2.633573885218083895e-03 2.123301036709386580e-03 1.734228911448356227e-03 1.601920504119392448e-03 1.512053998513321687e-03 1.121461344169047891e-03
4.579280414803844727e-04 8.743241430659780961e-03 3.805079902531954827e-02 1.620726713163975902e-02 8.101137250293067096e-03 8.865417100598346062e-03 4.194886156766192142e-03 2.501569808416996034e-03 1.809264465490996541e-03 1.650372714599450136e-03 1.558553636367333893e-03 1.203910822220385837e-03
8.854862166119765315e-03 1.925639657219599121e-01 8.127418249496979330e-01 2.531345278131771903e-01 8.690496835602826153e-02 1.402567639002225142e-01 3.138153928524965719e-02 3.811243347554336622e-03 2.253419844899234338e-03 1.805753111464178818e-03 1.529798259047921534e-03 1.212506743786037448e-03
5.973194737907071630e-03 1.030905006727226986e-01 5.086866709717055013e-01 3.478912668450669377e-01 9.218608206258736837e-02 1.089978526202536047e-01 5.876867581017856945e-02 1.147582080936179923e-02 2.880910873932677509e-03 2.026336090149708988e-03 1.543394159009347372e-03 1.179941706557620026e-03
3.875974344393049147e-03 1.976328161402849184e-02 2.530899525226585345e-01 5.338691526059742287e-01 1.546967255310137956e-01 6.906681833189651232e-02 1.058928708828255766e-01 2.831059278084847169e-02 4.740355926672283962e-03 2.530688277990569921e-03 1.959992033315478659e-03 1.427380341602953835e-03
3.507345948619085014e-03 9.969501206858825612e-03 1.501188467391466885e-01 4.247973820715860716e-01 3.312842705040199842e-01 1.001660205107103435e-01 1.056145165533405594e-01 6.380916168201036798e-02 1.504194881990698028e-02 4.191152583075680692e-03 2.675383849522697342e-03 1.862842866176637330e-03
3.195004543571757036e-03 5.739564447166173831e-03 4.370360896839903947e-02 2.392862041592053457e-01 4.954116007126454502e-01 2.080113719772018199e-01 9.627127779462359147e-02 1.047136826942659527e-01 3.997786467296911977e-02 1.096391637620059908e-02 5.122784364321611092e-03 3.246523769178242223e-03
3.127380425494135502e-03 4.297186788000322694e-03 1.205260502288638125e-02 1.240935748276979778e-01 4.001730029837943237e-01 3.610903087667326483e-01 1.578979146719387272e-01 1.234230457069244169e-01 8.172880202808172068e-02 3.286205110967735377e-02 1.428856363303673653e-02 7.748836623150415215e-03
3.160991806415986219e-03 3.900498947543883706e-03 6.456305691418827430e-03 5.223280663188153289e-02 2.320788012678192125e-01 4.102603838641980527e-01 2.655281613077588587e-01 1.625517004074497063e-01 1.300258802294083083e-01 7.674414352737135570e-02 4.133097823394321635e-02 2.299673060286902201e-02
3.224580017368960765e-03 3.813829911337979391e-03 4.968908099969152926e-03 2.059449200205909838e-02 1.197105430025867390e-01 3.251899296233517478e-01 3.282249450940815105e-01 2.255553999910797636e-01 1.798196655006280009e-01 1.343567439800132657e-01 9.103737399807565467e-02 5.632990003097054776e-02
3.144570905789951468e-03 3.661606033352276645e-03 4.247435507761020655e-03 9.668396194511392344e-03 5.991736707359547609e-02 2.102847479968912026e-01 3.046085972478346782e-01 2.623168779663438976e-01 2.165450122843549097e-01 1.837676771051310332e-01 1.439121991072040974e-01 9.778928263245052765e-02
2.871292220978499503e-03 3.323271070534779877e-03 3.659421246982214569e-03 5.781038566385140673e-03 3.028235284559170973e-02 1.245988538524581551e-01 2.383163653376784430e-01 2.508768972107131012e-01 2.255774175351408228e-01 2.065608287960102596e-01 1.792930042843304261e-01 1.303518952980710077e-01
2.438641406202922499e-03 2.812758632673777355e-03 2.999501010752505560e-03 3.920507985674140557e-03 1.615882027132865481e-02 7.233491309868371466e-02 1.667264626964270469e-01 2.084546245933222575e-01 2.074266184491001253e-01 2.002800467582865340e-01 1.859988689978085419e-01 1.415864967277393194e-01
1.982983618450407000e-03 2.283143590491549819e-03 2.393471063002796002e-03 2.851615497766060627e-03 9.450984166863060643e-03 4.325107271286491445e-02 1.123991138276399654e-01 1.617799037729263645e-01 1.742794303738943174e-01 1.782898195922366924e-01 1.723389349511532664e-01 1.359377571230907522e-01
1.542620738592325293e-03 1.774308284224879358e-03 1.842135303849270784e-03 2.079944854156209107e-03 5.699657660837973219e-03 2.642149022212001916e-02 7.583506200056494562e-02 1.197583461828867352e-01 1.374402112539907517e-01 1.458035306559074262e-01 1.462607410962979415e-01 1.181874920710503790e-01
1.190801882707983542e-03 1.369253341108768581e-03 1.413424177789577695e-03 1.534293842746404504e-03 3.688928909781377576e-03 1.689869075720547287e-02 5.136640866369025782e-02 8.791229539818798400e-02 1.067500850210802432e-01 1.167168126986762866e-01 1.203384834052480395e-01 9.908849668753177964e-02
9.087151987053932204e-04 1.043944447977683369e-03 1.070691516083870434e-03 1.154284156241085386e-03 2.533503676534651101e-03 1.119012052499348923e-02 3.541256372574332761e-02 6.405779905626546311e-02 8.112655190838916064e-02 9.122177744112547337e-02 9.647253149776700842e-02 8.039072533696076106e-02
6.949828217290275091e-04 7.987560136394457680e-04 8.164644956282693638e-04 8.573648796730993366e-04 1.733303176525132893e-03 7.584977609754502657e-03 2.496783786050579129e-02 4.713597472937734734e-02 6.179927160996377677e-02 7.156343063101335000e-02 7.587891247088515700e-02 6.429689628241623545e-02
5.300293924662964444e-04 6.086337518316884028e-04 6.223346690205897903e-04 6.568282168221343913e-04 1.282805540644250866e-03 5.415345609085459380e-03 1.789450733737153743e-02 3.515275682419426867e-02 4.755669212117431127e-02 5.466777424409888231e-02 5.892280036781538666e-02 5.043829362775528735e-02
4.043467054827833921e-04 4.641959599502255753e-04 4.721541317007549765e-04 4.909048230376299258e-04 8.829607696751096873e-04 3.723150228281891377e-03 1.295016854772359192e-02 2.596357615758300430e-02 3.567669222051091799e-02 4.235458766963512423e-02 4.603359921221679418e-02 4.002547524724670014e-02
3.093700132954247664e-04 3.551668900078968293e-04 3.608425595105229809e-04 3.762922353406746500e-04 7.067476410400745125e-04 2.952444631396336939e-03 9.891989418752997892e-03 1.957513341076625238e-02 2.728307623215416727e-02 3.257225563365478277e-02 3.534133017853140213e-02 3.055553117430878651e-02
2.366596044746337169e-04 2.715975686441565512e-04 2.747081452089330665e-04 2.842721694834873759e-04 5.110918644323955403e-04 2.069828229573676161e-03 7.131911284910455798e-03 1.468543558782831916e-02 2.080124836158915580e-02 2.507772007400861647e-02 2.770803923518733516e-02 2.384575862378785979e-02
